009055
019066
020490
021896
022066
022603
022610
023674
024344
024519
024560
024862
024973
025119
025561
025766
026625
026931
026988
027017
027288
027324
027529
027740
027761
027930
028189
028302
028520
028580
028644
029417
029485
029783
029908
029983
030067
030091
030101
030104
030267
030316
030380
030437
030583
030624
031062
031153
031293
031494
031594
031686
031714
031799
031819
031844
031940
032255
032259
032369
032377
032475
032521
032537
032572
032662
032876
033265
033350
033426
033511
033588
033600
033822
033825
033893
034052
034108
034280
034295
034303
034347
034349
034358
034577
034727
034797
034907
034913
035005
035110
035143
035187
035198
035282
035285
035400
035463
035479
035483
035504
035537
035546
035557
035561
035620
035625
035650
035702
035708
035735
035838
035839
035992
036051
036127
036172
036182
036259
036300
036342
036411
036487
036715
036804
036840
036898
036999
037068
037156
037171
037276
037314
037330
037372
037636
037710
037747
037882
037910
037914
037948
037950
037954
037966
038054
038059
038080
038126
038211
038258
038286
038292
038317
038331
038339
038390
038481
038562
038566
038587
038836
039071
039146
039178
039244
039260
039262
039288
039458
039519
039580
039609
039661
039820
039835
039980
040007
040025
040054
040081
040087
040103
040106
040198
040303
040419
040481
040517
040524
040569
040611
040685
040722
040768
040781
040810
040834
040932
040972
041002
041059
041086
041090
041124
041143
041163
041167
041249
041278
041363
041430
041436
041459
041673
041695
041707
041726
041751
041813
041910
041911
041985
041998
042028
042067
042127
042300
042311
042379
042384
042425
042432
042647
042663
042667
042755
042778
042830
042876
042929
042933
042937
042978
043017
043203
043206
043208
043232
043240
043275
043276
043289
043296
043311
043318
043363
043527
043531
043561
043588
043636
043692
043709
043776
044056
044186
044242
044373
044379
044412
044424
044435
044496
044540
044544
044564
044609
044653
044656
044713
044716
044799
044820
044841
044945
045056
045100
045200
045208
045214
045220
045224
045247
045318
045321
045346
045501
045512
045556
045620
045621
045655
045698
045760
045763
045849
045903
046004
046055
046072
046091
046095
046138
046143
046148
046204
046212
046253
046267
046271
046272
046297
046298
046317
046359
046379
046405
046432
046446
046447
046529
046533
046544
046594
046666
046719
046747
046763
046770
046820
046830
046846
046861
046887
046909
046918
046925
046928
046942
046970
047086
047116
047136
047244
047255
047274
047283
047304
047322
047334
047352
047353
047365
047373
047413
047427
047429
047436
047440
047494
047500
047534
047546
047564
047605
047611
047621
047664
047674
047679
047686
047697
047712
047724
047742
047769
047803
047818
047835
047840
047889
047935
047936
047976
047984
047986
047998
048000
048007
048025
048030
048037
048057
048125
048129
048133
048151
048157
048167
048223
048227
048256
048318
048332
048393
048402
048465
048466
048470
048480
048521
048542
048602
048604
048611
048618
048628
048660
048703
048724
048728
048782
048791
048806
048923
048925
048946
048948
048967
049030
049032
049077
049099
049114
049144
049149
049163
049165
049193
049256
049258
049268
049277
049278
049282
049307
049312
049337
049422
049428
049459
049485
049486
049587
049615
049667
049679
049681
049691
049704
049708
049742
049747
049754
049795
049837
049857
049867
049995
049997
050016
050146
050188
050192
050207
050231
050243
050244
050246
050287
050297
050309
050361
050399
050405
050409
050446
050470
050524
050527
050539
050547
050561
050598
050628
050634
050639
050649
050657
050671
050703
050705
050714
050725
050732
050737
050750
050763
050839
050840
050917
050919
050944
050945
050973
050975
050979
051019
051075
051110
051114
051160
051169
051180
051196
051250
051283
051289
051325
051335
051344
051348
051358
051369
051383
051430
051433
051440
051445
051479
051481
051485
051494
051500
051535
051541
051554
051594
051603
051624
051629
051633
051682
051685
051711
051718
051756
051758
051768
051782
051845
051855
051866
051871
051879
051922
051954
051956
051958
051962
051988
052011
052022
052033
052042
052054
052063
052085
052117
052140
052142
052154
052177
052179
052183
052189
052198
052217
052229
052251
052253
052297
052298
052301
052325
052327
052335
052338
052346
052362
052365
052375
052417
052468
052469
052525
052526
052547
052562
052570
052581
052587
052607
052611
052621
052656
052688
052704
052740
052790
052791
052803
052819
052843
052852
052855
052858
052863
052970
052996
053022
053025
053070
053077
053090
053102
053151
053163
053194
053223
053232
053311
053313
053326
053367
053368
053383
053384
053385
053389
053423
053429
053444
053487
053497
053513
053541
053557
053561
053564
053571
053608
053626
053643
053653
053658
053675
053685
053706
053731
053734
053821
053866
053889
053959
053966
053975
053976
054014
054024
054026
054051
054065
054068
054083
054121
054131
054134
054150
054154
054162
054186
054195
054226
054236
054253
054287
054290
054298
054331
054339
054380
054386
054402
054406
054450
054454
054477
054480
054506
054508
054533
054537
054540
054547
054563
054586
054595
054634
054663
054701
054780
054784
054793
054814
054817
054825
054840
054846
054850
054868
054879
054911
054929
054943
054956
054980
055063
055084
055097
055128
055176
055189
055203
055275
055303
055321
055354
055392
055393
055398
055415
055458
055507
055516
055605
055645
055656
055659
055668
055696
055700
055711
055734
055744
055776
055784
055842
055844
055873
055889
055904
055933
055973
055987
056015
056019
056036
056111
056125
056130
056136
056199
056217
056256
056273
056305
056309
056328
056353
056382
056394
056407
056425
056460
056485
056500
056501
056505
056516
056526
056533
056537
056540
056561
056581
056585
056603
056614
056677
056708
056736
056739
056742
056743
056751
056799
056810
056831
056875
056921
056934
056942
056949
056968
056993
057002
057005
057006
057025
057038
057059
057065
057083
057125
057157
057184
057200
057201
057246
057247
057262
057291
057292
057313
057315
057341
057353
057354
057388
057411
057420
057490
057508
057521
057531
057566
057583
057588
057592
057596
057605
057680
057694
057770
057782
057828
057847
057902
057940
057943
057964
057965
057986
058004
058049
058068
058095
058106
058130
058157
058168
058228
058231
058257
058258
058306
058308
058325
058332
058340
058365
058381
058386
058404
058405
058418
058453
058454
058464
058465
058471
058484
058515
058575
058599
058619
058622
058633
058647
058648
058649
058659
058726
058728
058749
058752
058760
058779
058800
058821
058827
058867
058885
058902
058931
058934
058944
058946
058953
058958
058969
059019
059070
059100
059104
059111
059112
059123
059147
059159
059181
059222
059224
059230
059235
059262
059273
059285
059287
059301
059304
059307
059322
059325
059342
059348
059361
059363
059368
059373
059409
059420
059427
059435
059477
059496
059508
059513
059516
059534
059562
059563
059601
059636
059652
059679
059693
059718
059722
059751
059758
059759
059772
059774
059791
059837
059843
059852
059854
059858
059868
059894
059998
060026
060040
060125
060149
060170
060174
060178
060211
060227
060237
060249
060296
060298
060327
060349
060431
060460
060471
060473
060506
060539
060573
060597
060600
060630
060638
060639
060640
060674
060675
060696
060698
060702
060716
060717
060718
060722
060736
060771
060791
060814
060818
060821
060826
060844
060846
060853
060857
060859
060870
060881
060884
060885
060922
060929
060943
060975
060978
060995
061002
061018
061026
061060
061065
061069
061077
061090
061102
061103
061128
061147
061150
061153
061157
061158
061167
061169
061222
061266
061272
061280
061306
061311
061353
061370
061376
061404
061406
061423
061431
061461
061470
061483
061490
061533
061544
061562
061569
061570
061607
061633
061643
061646
061655
061666
061673
061675
061689
061692
061731
061752
061758
061761
061764
061776
061795
061800
061826
061841
061891
061923
061956
061973
061984
062009
062017
062028
062029
062048
062063
062102
062103
062104
062130
062144
062174
062182
062192
062234
062237
062272
062276
062289
062294
062307
062323
062346
062350
062355
062363
062365
062385
062386
062499
062502
062503
062506
062525
062529
062530
062569
062576
062599
062622
062645
062655
062693
062694
062705
062750
062752
062759
062791
062826
062843
062844
062849
062861
062875
062901
062933
063016
063020
063049
063095
063148
063159
063188
063189
063197
063200
063226
063237
063238
063241
063254
063266
063280
063333
063343
063350
063379
063412
063448
063464
063477
063498
063499
063516
063549
063564
063585
063606
063620
063630
063643
063650
063653
063659
063660
063664
063693
063695
063712
063736
063755
063760
063768
063775
063777
063778
063780
063800
063804
063829
063856
063863
063874
063878
063891
063916
063922
063933
063947
063980
063983
063998
064008
064053
064060
064062
064077
064100
064133
064137
064158
064163
064169
064250
064255
064262
064268
064290
064300
064316
064334
064373
064375
064411
064417
064424
064437
064503
064522
064528
064584
064590
064613
064649
064668
064695
064716
064719
064737
064742
064747
064769
064780
064797
064815
064839
064849
064874
064891
064929
064933
064937
064969
064999
065012
065015
065025
065070
065072
065115
065143
065166
065179
065183
065193
065239
065299
065321
065334
065335
065365
065369
065388
065400
065417
065447
065471
065479
065495
065517
065527
065550
065553
065568
065576
065582
065608
065609
065635
065649
065668
065669
065688
065696
065709
065722
065752
065765
065790
065794
065804
065811
065829
065844
065857
065870
065875
065889
065894
065917
065935
065939
065944
065955
066009
066027
066069
066096
066128
066129
066160
066163
066205
066221
066232
066241
066249
066291
066324
066332
066358
066372
066380
066394
066398
066403
066407
066415
066423
066487
066525
066529
066544
066546
066550
066554
066590
066639
066647
066648
066656
066676
066677
066685
066686
066687
066693
066744
066764
066771
066835
066851
066857
066883
066890
066922
066978
067047
067050
067062
067066
067089
067096
067102
067119
067127
067141
067171
067178
067206
067230
067247
067259
067262
067306
067313
067372
067382
067408
067431
067432
067458
067495
067505
067509
067531
067570
067614
067617
067626
067630
067674
067717
067747
067765
067782
067805
067870
067955
067978
068011
068019
068029
068056
068126
068130
068142
068147
068158
068199
068217
068218
068226
068232
068233
068247
068274
068275
068282
068291
068292
068330
068338
068345
068353
068372
068392
068396
068401
068407
068411
068423
068440
068453
068455
068472
068479
068480
068483
068564
068600
068607
068611
068629
068631
068658
068684
068686
068688
068695
068699
068705
068739
068754
068767
068768
068786
068787
068815
068851
068861
068872
068909
068916
068920
068932
069026
069091
069105
069114
069119
069173
069223
069234
069252
069257
069282
069319
069349
069368
069370
069405
069409
069433
069438
069492
069524
069568
069569
069596
069601
069670
069687
069730
069757
069791
069817
069848
069885
069923
069945
069949
069975
069988
069998
070081
070105
070137
070140
070147
070153
070154
070164
070168
070182
070197
070226
070245
070261
070267
070287
070289
070297
070316
070318
070323
070326
070327
070336
070362
070372
070377
070382
070402
070425
070457
070560
070583
070603
070612
070619
070637
070643
070648
070649
070680
070709
070711
070713
070739
070740
070756
070760
070768
070779
070799
070815
070823
070827
070838
070843
070847
070851
070888
070916
070918
070931
070967
071011
071073
071115
071118
071121
071147
071148
071154
071167
071174
071181
071198
071204
071209
071239
071281
071287
071289
071292
071305
071313
071367
071381
071396
071427
071465
071470
071513
071523
071531
071553
071557
071586
071589
071636
071638
071656
071676
071702
071712
071721
071736
071781
071791
071802
071809
071854
071891
071908
071945
071948
071990
072016
072018
072035
072067
072096
072121
072139
072148
072173
072174
072175
072177
072207
072221
072238
072276
072287
072289
072311
072320
072325
072353
072357
072359
072363
072371
072382
072385
072388
072390
072404
072421
072462
072464
072488
072517
072540
072547
072555
072569
072575
072594
072597
072624
072646
072652
072688
072696
072711
072728
072738
072755
072759
072769
072788
072815
072828
072837
072898
072914
072916
072926
072933
072937
072947
072963
073001
073008
073069
073074
073077
073091
073099
073131
073150
073156
073190
073235
073244
073249
073252
073258
073280
073299
073342
073353
073411
073429
073439
073446
073496
073527
073532
073579
073584
073613
073629
073631
073644
073650
073695
073699
073717
073754
073756
073775
073782
073783
073784
073788
073798
073818
073824
073874
073890
073894
073914
073917
073929
073943
073946
074008
074018
074028
074070
074076
074097
074141
074172
074173
074188
074221
074230
074252
074283
074296
074310
074367
074421
074460
074464
074465
074515
074556
074580
074598
074603
074634
074734
074736
074749
074841
074911
074922
074954
074963
074986
075000
075022
075030
075054
075086
075151
075175
075209
075223
075225
075227
075261
075269
075332
075391
075400
075421
075491
075542
075549
075570
075576
075603
075618
075641
075644
075655
075665
075709
075742
075757
075763
075810
075822
075932
075938
075961
076008
076027
076181
076211
076292
076368
076422
076435
076472
076493
076494
076499
076525
076535
076576
076585
076627
076665
076669
076675
076678
076691
076694
076697
076708
076724
076729
076759
076771
076780
076837
076853
076858
076862
076868
076887
076895
076902
076919
076947
076971
076989
076997
077016
077033
077037
077069
077080
077124
077133
077164
077176
077213
077240
077298
077304
077309
077311
077346
077354
077357
077362
077385
077386
077409
077468
077499
077507
077515
077573
077578
077611
077628
077646
077676
077685
077721
077725
077771
077789
077814
077821
077890
077902
077903
077906
077926
077947
077951
077958
077972
077982
078012
078045
078071
078097
078107
078134
078170
078241
078243
078275
078309
078310
078327
078329
078331
078342
078349
078361
078387
078391
078427
078429
078453
078461
078472
078512
078522
078542
078548
078570
078572
078673
078737
078765
078796
078813
078858
078881
078895
078903
078917
078970
078998
079067
079074
079088
079131
079145
079190
079199
079214
079220
079278
079378
079391
079405
079419
079420
079431
079438
079456
079467
079471
079527
079553
079604
079617
079668
079682
079704
079731
079732
079756
079821
079853
079855
080002
080030
080058
080076
080090
080144
080195
080240
080253
080263
080277
080291
080309
080310
080316
080332
080335
080376
080404
080455
080471
080522
080530
080574
080609
080654
080659
080685
080719
080747
080829
080833
080855
080905
080923
080943
080944
080969
080991
081047
081098
081144
081161
081218
081236
081240
081251
081271
081309
081321
081360
081444
081450
081463
081479
081480
081493
081549
081591
081620
081622
081656
081673
081707
081727
081737
081783
081820
081837
081889
081986
081999
082025
082046
082063
082073
082079
082089
082113
082151
082165
082185
082272
082278
082283
082364
082366
082383
082429
082440
082448
082460
082495
082538
082546
082659
082683
082746
082753
082767
082771
082807
082828
082831
082940
082954
083021
083032
083078
083090
083101
083120
083160
083178
083192
083208
083217
083230
083244
083266
083361
083385
083395
083416
083468
083470
083494
083495
083498
083536
083543
083654
083667
083684
083707
083785
083836
083904
083918
083929
083963
083964
083970
083972
083980
084011
084097
084125
084126
084137
084167
084248
084381
084412
084457
084518
084537
084539
084594
084621
084651
084685
084688
084733
084739
084754
084765
084785
084791
084794
084808
084832
084879
084928
084996
085025
085036
085121
085135
085149
085158
085177
085184
085188
085204
085224
085233
085266
085309
085331
085344
085346
085349
085368
085380
085387
085399
085400
085438
085494
085496
085511
085516
085521
085539
085568
085585
085671
085766
085815
085820
085845
085907
085920
085936
085973
085974
085976
085984
086108
086122
086152
086155
086168
086189
086201
086205
086225
086233
086274
086285
086289
086319
086345
086361
086379
086431
086481
086508
086534
086554
086574
086618
086701
086771
086784
086828
086956
086962
086963
086964
087026
087031
087076
087149
087151
087203
087221
087231
087233
087247
087289
087292
087316
087330
087389
087394
087403
087463
087478
087480
087482
087506
087566
087567
087579
087617
087688
087721
087730
087735
087750
087779
087852
087853
087899
087907
087923
087970
088004
088052
088059
088068
088082
088100
088187
088270
088279
088377
088383
088444
088460
088483
088494
088499
088503
088515
088526
088530
088555
088559
088563
088564
088585
088607
088619
088631
088654
088685
088721
088723
088787
088802
088804
088811
088814
088896
088914
088978
088987
089031
089052
089062
089080
089149
089151
089167
089176
089202
089208
089212
089249
089268
089269
089272
089279
089293
089318
089409
089419
089426
089444
089450
089462
089478
089504
089509
089521
089584
089615
089645
089657
089683
089711
089781
089799
089815
089861
089879
089880
089896
089898
089916
089941
089945
089946
089950
089951
089968
089995
090003
090010
090036
090071
090076
090100
090103
090134
090155
090178
090190
090195
090221
090222
090237
090257
090271
090280
090283
090336
090340
090341
090345
090401
090418
090440
090460
090528
090560
090581
090585
090593
090598
090603
090615
090616
090620
090667
090681
090700
090716
090718
090720
090750
090751
090789
090793
090828
090829
090875
090888
090910
090968
091010
091013
091014
091017
091039
091041
091157
091169
091173
091174
091179
091184
091234
091246
091287
091336
091340
091342
091392
091438
091467
091475
091485
091497
091514
091526
091604
091634
091695
091696
091702
091793
091803
091806
091909
091993
091997
092005
092038
092072
092131
092189
092198
092203
092216
092218
092221
092228
092238
092261
092304
092312
092335
092342
092360
092377
092394
092424
092469
092523
092542
092543
092548
092556
092618
092745
092757
092790
092795
092796
092803
092822
092829
092858
092867
092894
092898
092926
092952
092967
092980
093003
093044
093074
093077
093092
093120
093130
093155
093199
093209
093225
093237
093245
093267
093371
093376
093438
093479
093482
093513
093521
093524
093548
093556
093577
093585
093631
093635
093646
093662
093682
093951
093973
094060
094070
094077
094082
094162
094175
094181
094195
094209
094231
094244
094248
094275
094281
094286
094304
094311
094318
094353
094365
094382
094389
094420
094458
094496
094552
094559
094562
094590
094592
094597
094620
094633
094651
094656
094809
094818
094833
094851
094905
094912
094933
094936
094944
094956
094958
094959
094961
094998
095011
095064
095103
095164
095171
095180
095282
095303
095335
095348
095361
095377
095399
095448
095453
095462
095470
095540
095543
095549
095559
095561
095594
095621
095622
095636
095658
095690
095729
095774
095776
095803
095816
095829
095841
095852
095907
095909
095910
095912
095930
095932
095942
095943
095947
096045
096048
096058
096075
096137
096151
096213
096223
096322
096341
096343
096349
096357
096360
096375
096377
096418
096454
096464
096491
096492
096494
096516
096544
096550
096719
096743
096771
096805
096828
096848
096854
096858
096887
096895
096897
096925
096963
097017
097019
097028
097102
097114
097121
097174
097184
097192
097209
097214
097225
097233
097234
097247
097294
097362
097376
097382
097390
097411
097415
097425
097468
097472
097503
097535
097562
097575
097586
097616
097618
097633
097708
097733
097791
097817
097864
097868
097902
097907
097908
097947
097949
097950
097984
097992
098006
098010
098049
098104
098110
098112
098116
098189
098190
098195
098204
098238
098246
098291
098304
098314
098327
098340
098356
098378
098383
098440
098450
098469
098470
098503
098510
098525
098530
098535
098557
098643
098689
098698
098718
098721
098759
098762
098782
098800
098811
098817
098821
098834
098838
098840
098875
098881
098893
098901
098908
098927
099038
099104
099119
099146
099167
099187
099188
099205
099237
099280
099284
099307
099317
099368
099372
099377
099381
099385
099471
099473
099488
099500
099538
099573
099623
099663
099665
099688
099692
099721
099739
099754
099762
099776
099778
099779
099808
099821
099843
099857
099883
099886
099909
099921
099941
099942
099950
099953
100061
100089
100110
100143
100179
100205
100222
100259
100275
100276
100281
100308
100333
100349
100370
100396
100423
100457
100522
100553
100557
100559
100560
100574
100603
100734
100741
100744
100759
100810
100824
100835
100854
100856
100891
100895
100902
100907
100911
100919
100931
100942
100967
100978
101020
101053
101083
101119
101134
101145
101157
101188
101193
101205
101231
101232
101252
101314
101319
101354
101367
101443
101465
101492
101502
101503
101554
101609
101627
101680
101715
101731
101758
101768
101804
101813
101823
101825
101861
101884
101896
101948
101968
101974
101978
102000
102013
102030
102032
102034
102044
102061
102097
102144
102146
102160
102168
102174
102178
102191
102214
102250
102253
102262
102286
102295
102321
102335
102341
102380
102406
102417
102430
102477
102493
102522
102523
102531
102532
102547
102561
102596
102598
102609
102614
102626
102629
102644
102648
102653
102658
102659
102669
102693
102701
102707
102738
102755
102780
102791
102792
102796
102799
102831
102843
102858
102863
102881
102909
102957
102996
103000
103024
103029
103061
103069
103076
103082
103084
103109
103222
103243
103247
103250
103280
103286
103293
103343
103355
103359
103367
103379
103386
103392
103394
103400
103413
103448
103530
103541
103619
103664
103680
103722
103724
103743
103748
103795
103831
103847
103864
103937
103968
103997
104043
104100
104121
104178
104180
104198
104270
104275
104287
104316
104333
104365
104376
104379
104399
104440
104470
104540
104558
104577
104590
104591
104641
104659
104660
104685
104704
104715
104754
104821
104834
104838
104893
104900
104945
104967
104994
105003
105047
105058
105193
105217
105222
105224
105225
105260
105291
105295
105300
105336
105342
105382
105385
105413
105458
105459
105493
105517
105532
105539
105541
105572
105618
105637
105642
105643
105674
105685
105736
105746
105788
105811
105813
105940
105954
105961
105971
105979
105987
105992
106084
106109
106147
106183
106191
106255
106305
106354
106389
106399
106411
106419
106429
106430
106450
106491
106615
106667
106704
106717
106740
106756
106769
106770
106776
106782
106886
106893
106894
106898
106907
106930
106947
106952
106988
106996
107009
107050
107061
107066
107069
107070
107071
107074
107075
107100
107126
107153
107180
107251
107289
107295
107297
107311
107337
107398
107414
107438
107444
107450
107455
107475
107506
107520
107555
107600
107609
107682
107716
107737
107782
107820
107828
107858
107871
107872
107891
107946
107993
107999
108007
108018
108076
108079
108088
108101
108146
108150
108197
108229
108253
108354
108393
108411
108434
108469
108486
108524
108579
108580
108590
108592
108639
108674
108686
108696
108737
108740
108758
108765
108771
108788
108799
108805
108807
108812
108886
108968
108973
108999
109006
109015
109021
109025
109029
109046
109061
109122
109127
109132
109153
109226
109240
109247
109308
109329
109340
109347
109351
109357
109359
109366
109369
109385
109386
109407
109432
109438
109453
109466
109475
109489
109503
109504
109522
109529
109536
109551
109554
109560
109577
109578
109603
109607
109623
109628
109659
109670
109726
109775
109780
109788
109833
109848
109860
109877
109893
109910
109931
109974
109985
109987
110006
110007
110026
110033
110049
110054
110077
110086
110093
110095
110137
110142
110160
110165
110170
110185
110194
110196
110221
110252
110314
110337
110341
110352
110361
110366
110384
110387
110404
110471
110481
110515
110521
110575
110580
110656
110697
110700
110714
110737
110746
110756
110762
110771
110776
110825
110835
110836
110849
110858
110900
110901
110924
110930
110955
110967
111011
111036
111055
111091
111096
111101
111112
111114
111119
111156
111209
111212
111214
111216
111272
111293
111296
111329
111333
111370
111392
111449
111457
111499
111505
111534
111543
111547
111549
111612
111616
111643
111668
111689
111721
111733
111734
111751
111753
111802
111818
111840
111876
111884
111901
111931
111938
111942
111950
111973
111986
112032
112054
112059
112070
112091
112112
112123
112151
112171
112196
112213
112218
112256
112285
112311
112322
112361
112368
112377
112380
112455
112477
112485
112498
112523
112527
112531
112583
112663
112697
112712
112738
112758
112883
112958
112969
112971
112984
113019
113054
113117
113130
113251
113274
113320
113334
113372
113394
113415
113497
113513
113520
113551
113569
113587
113597
113621
113624
113642
113675
113724
113792
113794
113838
113871
113874
113908
113992
114017
114060
114080
114085
114126
114128
114139
114161
114192
114195
114222
114242
114254
114257
114319
114428
114437
114512
114513
114517
114548
114618
114622
114629
114631
114643
114652
114670
114692
114704
114707
114727
114731
114845
114854
114915
114925
114931
114962
114964
114989
115014
115022
115047
115095
115118
115123
115139
115143
115146
115212
115251
115311
115315
115322
115323
115385
115394
115450
115452
115553
115561
115566
115577
115578
115596
115609
115621
115628
115644
115649
115706
115712
115714
115728
115740
115749
115761
115764
115765
115809
115817
115836
115838
115847
115850
115853
115892
115931
115960
115974
115986
116000
116170
116189
116190
116196
116204
116227
116294
116333
116341
116343
116395
116420
116452
116488
116529
116534
116538
116553
116581
116582
116614
116684
116688
116709
116766
116798
116801
116805
116815
116867
116896
116954
116959
117003
117005
117017
117023
117111
117112
117126
117130
117145
117174
117179
117194
117258
117266
117326
117343
117361
117425
117446
117480
117491
117497
117513
117524
117541
117562
117606
117620
117697
117751
117757
117793
117808
117817
117821
117835
117843
117845
117871
117872
117899
117909
117945
117962
117984
117985
118013
118016
118021
118025
118036
118066
118072
118112
118151
118153
118198
118204
118222
118228
118230
118241
118243
118318
118360
118367
118377
118386
118481
118510
118576
118605
118608
118619
118628
118734
118781
118809
118826
118842
118843
118856
118864
118873
118878
118881
118904
118908
118988
118989
118990
119027
119035
119042
119048
119081
119089
119107
119117
119123
119132
119181
119205
119213
119238
119287
119320
119324
119338
119339
119349
119373
119390
119391
119392
119396
119401
119419
119443
119445
119449
119481
119487
119511
119549
119646
119657
119672
119686
119693
119732
119797
119828
119835
119851
119853
119877
119882
119887
119893
119946
119954
119962
119963
119977
119986
120002
120060
120082
120093
120115
120143
120173
120197
120204
120249
120279
120314
120365
120381
120396
120397
120412
120427
120430
120446
120473
120510
120608
120668
120690
120694
120712
120717
120719
120722
120779
120785
120790
120791
120795
120796
120826
120838
120875
120891
120894
120896
120907
120926
120992
120999
121058
121067
121070
121079
121106
121117
121168
121180
121260
121272
121302
121313
121320
121323
121338
121339
121351
121359
121385
121399
121409
121429
121452
121473
121476
121526
121561
121562
121564
121590
121608
121638
121684
121696
121700
121712
121817
121841
121901
121907
121924
121931
121955
122080
122086
122100
122108
122122
122126
122148
122155
122182
122253
122320
122341
122375
122418
122444
122459
122526
122531
122542
122577
122581
122605
122661
122682
122703
122705
122722
122732
122763
122806
122834
122873
122927
122942
122950
122965
122966
122995
122999
123089
123132
123136
123144
123179
123212
123257
123278
123287
123377
123406
123431
123433
123434
123449
123452
123492
123512
123522
123539
123542
123543
123566
123575
123602
123608
123618
123627
123634
123646
123651
123661
123672
123761
123763
123859
123901
123915
124003
124027
124051
124083
124155
124179
124186
124205
124223
124236
124243
124246
124318
124331
124395
124412
124416
124428
124446
124460
124472
124495
124502
124549
124553
124577
124647
124671
124689
124691
124713
124753
124756
124762
124788
124805
124815
124825
124829
124854
124855
124865
124923
124949
124977
124980
124990
125134
125172
125173
125222
125233
125237
125249
125273
125279
125280
125283
125284
125301
125384
125409
125415
125436
125443
125450
125455
125460
125462
125491
125566
125583
125600
125611
125623
125627
125629
125653
125655
125665
125689
125690
125698
125704
125710
125713
125724
125756
125808
125813
125833
125859
125886
125897
125963
125988
125991
126005
126060
126084
126085
126111
126115
126119
126138
126139
126155
126166
126194
126202
126206
126286
126293
126304
126310
126345
126353
126364
126371
126382
126399
126402
126448
126463
126505
126520
126560
126577
126581
126656
126692
126693
126771
126787
126807
126811
126845
126879
126940
126953
126964
126975
126977
126981
126989
127029
127033
127099
127111
127156
127195
127205
127207
127224
127234
127245
127263
127267
127283
127291
127294
127313
127316
127320
127382
127384
127390
127564
127576
127606
127645
127650
127678
127734
127740
127745
127746
127753
127825
127864
127870
127906
127919
127969
127971
128023
128082
128119
128142
128170
128227
128233
128246
128251
128362
128373
128414
128416
128429
128435
128447
128505
128506
128514
128537
128540
128542
128545
128551
128614
128680
128725
128728
128760
128814
128840
128848
128851
128861
128873
128921
128922
128931
128948
128951
128981
129054
129071
129072
129096
129101
129137
129141
129153
129154
129159
129177
129208
129293
129303
129306
129358
129390
129401
129500
129574
129580
129587
129617
129644
129663
129742
129797
129842
129845
129857
129865
129866
129870
129887
129946
129977
130092
130105
130121
130125
130137
130144
130167
130231
130232
130273
130344
130352
130376
130402
130536
130562
130581
130597
130630
130639
130643
130646
130655
130686
130708
130716
130717
130806
130848
130874
130897
130958
130986
130998
131003
131032
131076
131087
131088
131095
131099
131108
131132
131136
131139
131148
131156
131161
131164
131174
131232
131262
131268
131274
131275
131309
131313
131315
131350
131366
131367
131377
131429
131526
131530
131539
131550
131553
131565
131568
131596
131598
131602
131655
131677
131690
131704
131720
131726
131731
131733
131768
131787
131815
131847
131870
131965
131970
132000
132002
132009
132018
132102
132106
132129
132172
132186
132207
132227
132306
132313
132320
132342
132367
132390
132481
132516
132547
132590
132596
132618
132638
132647
132656
132658
132673
132692
132716
132737
132743
132745
132823
132829
132859
132861
132878
132900
132911
132912
132940
132942
132946
132953
132961
132976
132980
132990
133027
133030
133062
133069
133073
133074
133075
133124
133149
133174
133201
133235
133274
133286
133294
133295
133386
133390
133417
133432
133440
133497
133517
133519
133521
133526
133579
133593
133594
133612
133613
133645
133679
133704
133765
133776
133801
133805
133847
133865
133872
133896
133925
133939
133950
133953
133954
133956
133960
133994
134059
134083
134085
134096
134107
134138
134171
134178
134203
134210
134219
134228
134236
134241
134247
134253
134278
134287
134328
134335
134362
134448
134472
134573
134577
134585
134712
134744
134756
134766
134793
134797
134807
134817
134842
134843
134873
134894
134917
134931
134956
134967
134999
135028
135034
135051
135056
135085
135090
135100
135110
135151
135159
135162
135169
135240
135377
135396
135413
135491
135530
135537
135575
135627
135680
135716
135736
135763
135765
135779
135780
135788
135805
135820
135852
135862
135896
135899
135920
135939
135987
136010
136034
136069
136072
136097
136133
136136
136137
136146
136193
136194
136199
136267
136269
136287
136302
136308
136325
136339
136547
136610
136653
136673
136701
136755
136772
136774
136785
136911
136935
136951
136953
136968
136988
136993
137003
137007
137068
137091
137104
137120
137131
137173
137235
137244
137269
137281
137292
137300
137318
137347
137350
137377
137413
137492
137506
137552
137562
137577
137582
137583
137596
137612
137668
137689
137735
137747
137756
137760
137784
137790
137795
137801
137845
137863
137865
137868
137875
137878
137880
137940
137961
137986
137994
138019
138028
138044
138048
138053
138089
138090
138100
138148
138153
138199
138201
138215
138233
138249
138263
138281
138310
138319
138369
138387
138397
138401
138420
138450
138456
138457
138520
138539
138552
138565
138578
138585
138607
138609
138612
138621
138625
138648
138650
138671
138692
138702
138704
138706
138710
138724
138727
138764
138766
138789
138802
138807
138848
138849
138852
138875
138892
138946
138983
139004
139093
139133
139147
139148
139168
139243
139289
139413
139455
139457
139501
139586
139644
139710
139717
139721
139756
139933
139950
140146
140178
140223
140370
140377
140444
140511
140518
140535
140559
140576
140589
140709
140865
140899
140905
140948
140976
141114
141172
141302
141305
141334
141342
141487
141556
141584
141769
141860
141881
141918
141927
142003
142006
142012
142014
142171
142194
142253
142259
142267
142310
142349
142377
142388
142488
142595
142596
142615
142665
142667
142735
142739
142911
142965
142975
143106
143170
143269
143353
143458
143490
143522
143541
143613
143659
143794
143795
143822
143843
143879
143943
143970
144047
144117
144163
144187
144196
144257
144316
144431
144468
144481
144592
144595
144620
144627
144637
144664
144686
144760
144804
144868
144904
144969
144973
145113
145289
145323
145411
145468
145513
145556
145612
145625
145672
145700
145709
145737
145837
145860
145901
145906
146036
146144
146162
146340
146366
146414
146508
146749
146814
146824
146963
146981
146997
147046
147073
147092
147180
147181
147223
147251
147269
147307
147317
147329
147427
147530
147613
147653
147659
147878
147888
147935
147954
147957
148003
148038
148059
148155
148195
148214
148311
148312
148318
148355
148420
148493
148537
148546
148575
148581
148586
148690
148733
148819
148902
148946
148983
149000
149052
149103
149113
149308
149378
149401
149496
149501
149536
149597
149616
149643
149740
149749
149844
149856
149881
149977
150034
150039
150144
150250
150325
150477
150482
150510
150537
150596
150629
150630
150688
150699
150719
150780
150879
150967
150968
151171
151182
151232
151325
151335
151417
151423
151492
151500
151568
151582
151615
151659
151699
151782
151859
151867
151938
151982
152000
152085
152101
152111
152117
152133
152209
152219
152225
152283
152326
152330
152344
152358
152389
152480
152496
152576
152577
152581
152670
152718
152722
152808
152856
152953
152959
152971
152990
152991
153064
153082
153128
153156
153233
153305
153322
153352
153368
153529
153563
153641
153735
153753
153791
153904
153907
154046
154079
154098
154118
154736
154746
154777
154779
154792
154829
154848
154854
154934
154984
155013
155034
155119
155127
155246
155316
155345
155393
155457
155615
155809
155931
156012
156117
156177
156213
156302
156373
156381
156550
156596
156609
156679
156773
156916
156926
157011
157037
157041
157123
157214
157224
157234
157239
157258
157280
157317
157372
157430
157523
157526
157609
157656
157665
157678
157709
157719
157748
157786
157819
157843
157859
157974
158064
158068
158146
158175
158184
158191
158219
158338
158399
158438
158513
158538
158539
158543
158579
158581
158589
158598
158639
158685
158841
158917
158918
158970
159021
159107
159153
159218
159708
159726
159740
159842
159957
160073
160092
160142
160157
160176
160203
160279
160347
160354
160378
160425
160454
160559
160761
160774
160929
160930
160977
161045
161187
161201
161202
161285
161319
161378
161431
161458
161494
161514
161573
161760
161802
161970
161979
161996
162022
162023
162120
162146
162157
162187
162204
162238
162310
162337
162435
162472
162485
162502
162504
162525
162596
162602
162693
162697
162741
162824
162882
162883
162917
162983
163020
163080
163125
163140
163214
163235
163251
163268
163304
163308
163311
163316
163396
163435
163480
163530
163547
163636
163646
163696
163716
163797
163905
163909
163988
164223
164246
164282
164289
164384
164535
164542
164561
164570
164724
164729
164755
164777
164791
164818
164843
164943
164957
164996
165006
165051
165070
165078
165144
165153
165162
165182
165187
165194
165224
165370
165417
165453
165472
165590
165613
165637
165750
165765
165775
165805
165810
165812
165949
165997
166020
166146
166201
166384
166400
166613
166614
166630
166632
166720
166738
166740
166746
166831
166928
166937
166941
167158
167161
167194
167411
167422
167621
167624
167756
167919
167943
167974
168051
168091
168175
168199
168355
168461
168494
168589
168633
168640
168641
168647
168680
168697
168724
168741
168796
168810
168852
168855
168920
168941
168960
168974
169024
169048
169173
169189
169190
169215
169237
169245
169271
169277
169282
169343
169382
169440
169639
169689
169775
169810
169859
169864
169865
169869
169873
169882
169941
169947
169951
169952
169973
170039
170255
170458
170512
170591
170637
170675
170697
170712
170794
170863
170885
170942
170981
170988
171002
171020
171063
171138
171158
171160
171226
171275
171398
171476
171479
171489
171549
171578
171586
171593
171601
171640
171664
171742
171785
171809
171891
171996
172010
172022
172181
172276
172378
172413
172468
172502
172503
172535
172569
172625
172664
172780
172783
172792
172810
172866
172912
172952
172980
172996
173091
173132
173221
173355
173369
173412
173445
173451
173526
173557
173562
173605
173630
173642
173732
173844
173850
173917
173922
173934
173983
173995
174026
174029
174086
174160
174177
174179
174212
174228
174251
174312
174347
174427
174428
174467
174522
174574
174580
174583
174644
174678
174774
174785
174800
174848
174851
174871
174944
174968
175110
175209
175211
175243
175270
175305
175373
175438
175453
175457
175461
175464
175465
175489
175524
175530
175569
175634
175671
175687
175829
175831
175859
175872
175928
175953
176017
176212
176265
176332
176354
176447
176505
176521
176576
176587
176765
176766
176828
176985
176998
177033
177057
177136
177249
177281
177342
177356
177391
177394
177434
177458
177509
177538
177563
177568
177655
177815
177827
177898
177944
177950
177955
177963
177986
178006
178014
178187
178193
178345
178376
178382
178384
178401
178504
178555
178595
178651
178691
178695
178775
178806
178826
178861
178902
178935
178969
178984
178992
179006
179078
179176
179202
179243
179259
179294
179340
179347
179365
179384
179415
179527
179594
179647
179653
179677
179754
179756
179784
179891
179915
179919
179931
180006
180046
180111
180179
180192
180258
180261
180272
180295
180306
180361
180362
180380
180431
180449
180549
180582
180605
180636
180713
180718
180735
180745
180746
180757
180761
180769
180811
180812
181027
181085
181089
181115
181168
181201
181249
181272
181293
181298
181305
181347
181357
181415
181418
181547
181561
181685
181771
181852
181870
181896
181904
181943
181944
181945
181949
181982
182093
182098
182116
182150
182192
182194
182212
182265
182315
182333
182351
182355
182387
182413
182418
182424
182473
182493
182538
182550
182553
182559
182635
182645
182705
182710
182745
182756
182795
182803
182841
182885
182900
182955
182971
183028
183076
183140
183144
183220
183227
183269
183284
183382
183394
183548
183617
183625
183707
183770
183786
183813
183841
183867
183874
183942
183967
183979
184032
184035
184109
184157
184162
184172
184199
184279
184358
184403
184420
184456
184512
184534
184541
184554
184592
184602
184807
184977
185053
185124
185152
185211
185240
185275
185309
185321
185382
185455
185486
185535
185676
185694
185714
185715
185736
185829
185872
185882
185887
185937
185983
185989
186019
186032
186059
186062
186066
186135
186209
186248
186324
186396
186404
186409
186476
186557
186579
186582
186687
186747
186780
186797
186877
186886
186901
186988
187044
187131
187164
187235
187323
187361
187424
187491
187537
187564
187591
187652
187660
187674
187717
187775
187853
187861
187879
187925
187999
188102
188108
188129
188142
188239
188247
188275
188276
188282
188283
188312
188313
188326
188341
188434
188437
188454
188511
188554
188578
188667
188733
188739
188746
188750
188774
188790
188797
188808
188813
188869
188874
188897
188920
188946
188974
189008
189026
189046
189108
189257
189278
189279
189354
189371
189409
189448
189457
189479
189486
189599
189615
189632
189661
189674
189735
189753
189794
189931
189937
189971
189983
190012
190018
190024
190042
190052
190059
190066
190154
190173
190177
190186
190199
190261
190266
190276
190282
190347
190358
190416
190433
190461
190471
190557
190620
190659
190686
190764
190835
190875
190916
191004
191027
191035
191079
191109
191186
191187
191245
191252
191268
191401
191418
191529
191548
191552
191565
191597
191641
191646
191707
191770
191780
191823
191909
191920
191957
192025
192052
192153
192171
192181
192182
192191
192193
192429
192437
192456
192472
192594
192608
192612
192640
192709
192736
192769
192799
192961
193103
193123
193158
193174
193179
193191
193220
193268
193294
193311
193315
193319
193382
193504
193573
193665
193671
193696
193697
193704
193706
193755
193812
193846
193892
193913
193957
194055
194059
194073
194261
194309
194361
194386
194390
194436
194458
194477
194542
194572
194602
194603
194604
194658
194688
194712
194720
194746
194760
194841
194852
194885
194915
194985
194997
195056
195104
195134
195235
195273
195311
195380
195430
195616
195639
195674
195695
195723
195762
195803
195901
195945
196009
196012
196025
196053
196113
196151
196156
196217
196250
196294
196351
196359
196367
196377
196393
196440
196566
196781
196794
196809
196820
196836
196839
196897
196992
197030
197104
197138
197165
197176
197212
197248
197326
197331
197388
197416
197445
197460
197479
197505
197515
197641
197729
197744
197766
197772
197803
197810
197827
197873
197930
197938
198025
198076
198129
198174
198238
198266
198426
198497
198585
198592
198643
198785
198794
198801
198814
198816
198819
198991
198992
198998
199056
199068
199117
199162
199262
199293
199335
199388
199392
199428
199448
199563
199628
199651
199694
199789
199803
199848
199854
199875
199972
199990
199999
200027
200033
200066
200098
200189
200199
200208
200219
200230
200231
200269
200337
200365
200382
200385
200441
200451
200507
200570
200606
200671
200686
200796
200813
200837
200881
200940
200973
200978
201005
201056
201081
201083
201093
201107
201130
201195
201221
201235
201239
201344
201345
201362
201453
201477
201505
201506
201566
201579
201620
201656
201737
201761
201792
201796
201812
201815
201893
201902
201932
202023
202045
202049
202053
202056
202086
202129
202183
202195
202218
202281
202297
202329
202377
202391
202425
202443
202496
202550
202581
202616
202630
202633
202635
202640
202662
202676
202701
202769
202776
202778
202807
202847
202853
202953
203003
203023
203094
203147
203193
203244
203263
203290
203484
203517
203538
203552
203608
203620
203684
203712
203737
203741
203760
203780
203781
203832
203866
203977
203989
204014
204031
204139
204236
204258
204276
204299
204345
204368
204370
204376
204386
204394
204399
204408
204413
204455
204520
204581
204608
204622
204715
204757
204768
204820
204824
204842
204872
204909
204936
204943
204968
204989
205007
205011
205078
205117
205158
205228
205241
205248
205322
205338
205377
205396
205439
205454
205514
205541
205550
205561
205641
205645
205646
205734
205811
205836
205901
205902
205979
205981
206101
206107
206188
206210
206238
206266
206295
206305
206373
206392
206460
206466
206471
206477
206536
206568
206593
206628
206684
206688
206735
206822
206859
206860
206887
206899
206908
206910
206925
206932
206940
206963
206987
207034
207054
207056
207224
207233
207253
207281
207333
207380
207414
207477
207490
207499
207501
207526
207555
207557
207645
207651
207657
207665
207692
207704
207735
207753
207755
207848
207935
207970
207993
208052
208067
208083
208110
208204
208263
208287
208322
208329
208332
208357
208360
208405
208423
208428
208435
208478
208482
208516
208539
208554
208568
208596
208700
208720
208754
208771
208875
208891
208920
208922
208929
208948
208960
209011
209029
209035
209044
209067
209113
209174
209181
209240
209254
209260
209267
209285
209298
209364
209403
209417
209418
209477
209512
209537
209604
209627
209659
209670
209689
209693
209706
209756
209803
209893
209967
210045
210069
210070
210123
210151
210247
210262
210299
210304
210375
210439
210480
210526
210550
210571
210624
210645
210661
210693
210701
210702
210789
210892
210904
210905
210908
210918
210927
210982
210988
210989
211029
211106
211109
211160
211189
211244
211279
211293
211309
211332
211343
211347
211377
211431
211473
211548
211568
211593
211625
211627
211628
211638
211681
211716
211754
211768
211777
211781
211782
211817
211822
211829
211858
211864
211901
211970
211976
212023
212034
212057
212093
212122
212186
212217
212235
212244
212258
212306
212307
212309
212331
212351
212361
212362
212395
212421
212468
212528
212530
212553
212609
212643
212645
212656
212679
212733
212740
212751
212831
212848
212879
212881
212882
212976
212996
213000
213013
213039
213095
213101
213102
213137
213157
213195
213228
213309
213331
213333
213335
213365
213370
213379
213394
213470
213480
213506
213529
213547
213652
213721
213747
213818
213823
213828
213853
213874
213884
213887
213889
213910
213914
213932
213985
214029
214082
214095
214100
214168
214237
214240
214268
214286
214287
214375
214397
214404
214420
214459
214518
214574
214690
214709
214755
214803
214807
214810
214848
214929
214987
215005
215017
215031
215035
215079
215141
215227
215239
215248
215272
215288
215306
215338
215374
215413
215415
215432
215497
215503
215633
215638
215654
215674
215687
215689
215724
215728
215739
215748
215806
215823
215838
215848
215864
215918
215927
215952
215954
216015
216029
216058
216140
216143
216210
216214
216233
216273
216305
216396
216418
216421
216437
216443
216467
216483
216497
216536
216565
216582
216595
216618
216656
216665
216672
216676
216744
216765
216778
216780
216894
216949
217026
217032
217062
217143
217153
217167
217188
217206
217248
217276
217298
217661
217685
217775
217801
217890
217891
218020
218026
218055
218080
218082
218198
218222
218226
218336
218443
218452
218455
218461
218482
218517
218566
218646
218652
218690
218703
218776
218816
218863
218892
218896
218901
218902
218956
219036
219072
219080
219146
219181
219200
219237
219261
219362
219363
219421
219766
219776
219854
219907
220011
220092
220150
220193
220237
220259
220275
220300
220313
220332
220338
220353
220373
220394
220434
220496
220596
220611
220670
220800
220886
220927
221015
221038
221069
221095
221114
221118
221159
221161
221169
221170
221171
221174
221199
221203
221226
221261
221263
221278
221309
221359
221384
221402
221417
221458
221461
221470
221477
221505
221515
221553
221585
221592
221616
221625
221635
221740
221753
221773
221775
221784
221794
221804
221849
221884
221902
221943
221991
221996
222051
222059
222103
222117
222121
222186
222196
222205
222217
222257
222301
222311
222356
222378
222380
222400
222449
222465
222484
222488
222521
222584
222601
222622
222627
222710
222742
222785
222787
222800
222809
222857
222862
222872
222944
222956
223022
223024
223041
223048
223060
223088
223102
223118
223122
223124
223269
223270
223301
223358
223393
223432
223472
223506
223510
223539
223569
223663
223677
223694
223736
223737
223761
223783
223784
223809
223820
223857
223935
223947
223957
223986
224004
224016
224020
224066
224073
224125
224128
224161
224190
224192
224210
224224
224236
224250
224273
224300
224353
224369
224467
224468
224540
224598
224620
224646
224679
224684
224723
224728
224838
224870
224873
224896
224902
224903
224906
224938
224939
224970
224986
225024
225027
225043
225054
225101
225122
225127
225151
225207
225305
225352
225360
225367
225532
225621
225707
225773
225806
225809
225838
225844
225884
225908
225941
226025
226028
226043
226057
226096
226128
226132
226177
226233
226636
226641
226690
226744
226745
226747
226777
226793
226797
226801
226840
226870
226898
226899
226970
226974
227009
227092
227118
227141
227142
227146
227234
227249
227348
227413
227438
227508
227516
227577
227612
227616
227623
227660
227662
227676
227701
227741
227749
227753
227829
227875
227877
227895
227896
228015
228110
228130
228147
228187
228230
228233
228282
228288
228374
228413
228424
228509
228513
228530
228533
228546
228596
228602
228607
228660
228670
228705
228743
228747
228794
228805
228824
228836
228952
228958
228962
229007
229009
229029
229042
229060
229075
229082
229142
229150
229172
229196
229223
229225
229227
229248
229328
229405
229494
229495
229517
229524
229537
229591
229613
229625
229631
229663
229671
229733
229748
229831
229863
229940
229948
229979
229999
230030
230035
230053
230060
230077
230109
230119
230125
230145
230206
230210
230244
230373
230393
230397
230413
230423
230510
230521
230525
230541
230619
230632
230662
230663
230665
230711
230712
230806
230909
230930
230999
231010
231041
231045
231050
231088
231104
231116
231179
231197
231303
231309
231324
231338
231356
231382
231471
231484
231533
231566
231609
231716
231768
231783
231784
231855
231856
231878
231887
231905
231912
231937
232163
232181
232183
232253
232314
232336
232372
232396
232406
232441
232452
232455
232459
232498
232532
232615
232617
232640
232703
232710
232758
232817
232822
232842
232890
232979
233002
233038
233127
233131
233147
233207
233244
233272
233311
233322
233346
233419
233435
233491
233501
233504
233505
233506
233512
233560
233610
233633
233646
233663
233674
233699
233711
233768
233829
233830
233905
233911
233919
233932
233960
233972
234044
234060
234067
234133
234207
234240
234255
234307
234322
234349
234353
234361
234415
234451
234466
234504
234522
234531
234534
234576
234594
234658
234677
234678
234703
234704
234729
234741
234801
234824
234866
234868
234893
234913
234925
234976
235001
235019
235027
235035
235062
235093
235114
235115
235162
235171
235315
235332
235340
235359
235374
235384
235391
235396
235420
235439
235480
235500
235502
235534
235539
235671
235687
235709
235719
235739
235782
235786
235787
235798
235808
235829
235848
235862
235871
235939
235971
235999
236021
236037
236041
236070
236072
236202
236280
236322
236328
236347
236398
236412
236418
236528
236674
236691
236741
236793
236807
236858
236861
236926
236978
236993
237029
237067
237070
237074
237107
237113
237127
237188
237225
237228
237242
237298
237340
237379
237454
237455
237463
237466
237475
237481
237510
237534
237561
237605
237612
237655
237662
237679
237685
237709
237719
237722
237800
237801
237840
237959
238011
238040
238058
238059
238088
238116
238148
238158
238159
238187
238199
238205
238206
238217
238236
238335
238361
238402
238438
238514
238577
238603
238615
238651
238676
238783
238786
238820
238826
238864
238933
238950
238978
239029
239032
239054
239113
239119
239150
239219
239223
239252
239260
239265
239266
239276
239282
239288
239367
239382
239447
239460
239462
239463
239465
239483
239536
239545
239637
239646
239676
239714
239733
239762
239782
239785
239914
239953
239954
239973
240009
240019
240038
240065
240127
240165
240166
240186
240226
240296
240312
240315
240318
240341
240394
240422
240474
240478
240532
240575
240633
240641
240682
240691
240718
240745
240801
240806
240825
240845
240889
240897
240927
240929
240948
240956
240994
241044
241085
241098
241102
241139
241160
241171
241178
241301
241353
241373
241376
241385
241390
241413
241448
241449
241489
241594
241746
241803
241814
241816
241911
241940
241944
241961
241970
241997
242038
242149
242170
242200
242228
242260
242261
242266
242292
242296
242335
242352
242372
242393
242394
242439
242552
242562
242604
242642
242656
242732
242736
242747
242846
242855
242882
242910
242984
243000
243030
243048
243071
243093
243151
243159
243197
243206
243250
243332
243346
243374
243388
243407
243411
243416
243421
243455
243460
243465
243522
243626
243630
243645
243661
243791
243854
243875
243879
243933
243958
244022
244050
244052
244056
244092
244097
244163
244177
244260
244271
244281
244318
244321
244344
244425
244433
244436
244456
244463
244469
244548
244644
244645
244662
244666
244677
244678
244792
244850
244900
245043
245065
245068
245070
245100
245101
245102
245106
245146
245148
245156
245167
245224
245226
245267
245268
245313
245326
245332
245344
245379
245382
245392
245464
245486
245526
245529
245552
245561
245579
245635
245678
245715
245719
245725
245746
245747
245783
245831
245854
245897
245925
245970
245975
245976
245982
246019
246114
246119
246125
246127
246135
246164
246175
246220
246248
246249
246261
246281
246285
246318
246350
246361
246458
246469
246478
246518
246563
246564
246573
246599
246627
246687
246732
246769
246773
246776
246781
246782
246827
246828
246869
246920
246921
246950
246981
246983
246998
247018
247022
247025
247033
247048
247058
247095
247114
247166
247188
247238
247264
247304
247325
247345
247498
247547
247562
247603
247610
247612
247613
247671
247701
247768
247858
247866
247872
247895
247898
247901
247915
247968
247970
248005
248021
248026
248037
248075
248147
248150
248154
248176
248234
248264
248276
248280
248313
248338
248411
248475
248490
248509
248513
248547
248646
248659
248670
248675
248694
248700
248708
248752
248766
248821
248839
248840
248846
248934
248936
248950
248964
248996
249055
249068
249070
249110
249119
249149
249172
249185
249204
249228
249231
249232
249304
249312
249343
249398
249400
249413
249415
249418
249431
249452
249460
249469
249483
249532
249555
249559
249584
249599
249600
249638
249642
249662
249682
249716
249734
249773
249811
249845
249870
249919
249962
249974
249984
249987
250019
250084
250093
250128
250129
250132
250137
250148
250158
250160
250181
250190
250205
250210
250275
250293
250301
250379
250385
250386
250388
250393
250435
250436
250439
250462
250486
250510
250519
250523
250525
250555
250561
250582
250638
250698
250779
250798
250801
250856
250886
250896
250936
250972
250987
250993
250999
251003
251018
251037
251091
251124
251187
251209
251245
251285
251309
251319
251335
251336
251349
251372
251373
251384
251455
251460
251468
251503
251506
251684
251691
251711
251728
251730
251744
251770
251795
251808
251823
251871
251888
251895
251931
251942
252015
252027
252054
252060
252115
252117
252129
252165
252170
252174
252176
252219
252351
252354
252412
252414
252417
252468
252533
252605
252650
252692
252709
252741
252759
252819
252822
252836
252847
252850
252900
252908
252933
252944
252979
253049
253112
253175
253213
253261
253266
253279
253298
253385
253405
253437
253446
253454
253457
253472
253493
253498
253510
253528
253532
253575
253578
253606
253634
253658
253758
253782
253894
253913
253947
253952
253962
254075
254100
254128
254167
254206
254210
254220
254232
254254
254274
254296
254310
254325
254365
254415
254432
254449
254459
254542
254565
254586
254591
254599
254637
254742
254830
254860
254864
254956
254960
254962
255078
255079
255094
255107
255109
255141
255244
255301
255304
255323
255342
255375
255418
255440
255446
255466
255506
255584
255592
255626
255653
255672
255673
255714
255765
255772
255774
255785
255859
255874
255941
255956
255962
255989
256035
256053
256130
256235
256277
256279
256328
256329
256330
256345
256379
256393
256394
256441
256491
256602
256605
256637
256650
256656
256684
256709
256734
256752
256770
256773
256806
256813
256834
256898
256907
256917
256977
257066
257103
257110
257193
257226
257254
257262
257276
257292
257310
257316
257349
257371
257389
257486
257494
257500
257517
257521
257540
257558
257575
257597
257600
257603
257648
257661
257699
257720
257751
257768
257779
257788
257868
257872
257979
258003
258017
258033
258051
258141
258171
258253
258280
258281
258319
258330
258362
258364
258374
258400
258403
258404
258418
258462
258510
258575
258583
258591
258604
258608
258666
258674
258730
258734
258803
258854
258856
258860
258882
258940
258946
258980
258997
259025
259046
259056
259095
259106
259187
259253
259262
259283
259287
259296
259314
259341
259410
259454
259522
259532
259581
259631
259649
259680
259738
259764
259774
259806
259859
259879
259907
259972
259974
259991
260013
260028
260093
260158
260197
260223
260226
260252
260269
260278
260280
260281
260296
260313
260327
260350
260392
260467
260589
260595
260599
260613
260616
260639
260651
260690
260710
260752
260753
260796
260805
260821
260848
260869
260881
260908
260935
260992
261001
261058
261073
261078
261105
261134
261143
261192
261242
261247
261249
261312
261316
261317
261333
261391
261430
261434
261440
261453
261454
261485
261512
261543
261565
261621
261623
261654
261733
261735
261748
261780
261794
261824
261845
261883
261887
261913
261918
261921
261951
261961
261988
261992
262020
262040
262048
262054
262059
262134
262147
262158
262189
262202
262226
262248
262250
262274
262297
262348
262407
262410
262418
262451
262463
262476
262491
262544
262549
262561
262581
262589
262632
262669
262680
262701
262749
262816
262858
262897
262928
262957
262990
262991
263005
263007
263041
263065
263072
263073
263088
263119
263120
263171
263204
263276
263316
263327
263400
263402
263449
263482
263515
263536
263574
263591
263602
263608
263616
263638
263649
263705
263722
263847
263889
263905
263926
263935
263938
263967
263973
263978
264060
264067
264095
264141
264172
264290
264304
264330
264353
264387
264434
264436
264525
264554
264588
264611
264678
264686
264819
264841
264851
264864
264968
264989
265009
265014
265137
265215
265235
265347
265397
265419
265422
265508
265553
265567
265588
265610
265663
265688
265706
265724
265742
265827
265834
265847
265855
265859
265884
265885
265888
265915
265917
265935
266084
266107
266141
266191
266199
266203
266204
266259
266266
266269
266309
266367
266375
266401
266403
266432
266466
266550
266554
266587
266592
266593
266672
266713
266745
266762
266821
266833
266904
266957
266979
267014
267086
267124
267173
267191
267196
267306
267324
267348
267422
267429
267436
267469
267471
267521
267556
267559
267592
267620
267622
267635
267660
267674
267679
267699
267711
267715
267746
267747
267803
267827
267842
267892
267957
268066
268096
268100
268104
268108
268127
268166
268207
268235
268236
268255
268285
268291
268361
268367
268383
268413
268434
268441
268465
268489
268567
268575
268579
268622
268643
268661
268710
268727
268731
268785
268807
268851
268927
268970
269010
269041
269077
269079
269080
269087
269105
269137
269189
269194
269217
269220
269243
269256
269270
269275
269295
269315
269328
269354
269512
269538
269542
269568
269576
269588
269593
269627
269681
269754
269771
269943
269985
270027
270040
270058
270065
270113
270156
270197
270201
270245
270253
270281
270312
270458
270465
270529
270546
270552
270571
270581
270597
270605
270613
270660
270675
270707
270708
270716
270785
270843
270868
270977
270982
270983
271015
271018
271087
271117
271122
271147
271176
271196
271206
271212
271214
271239
271262
271294
271303
271307
271375
271397
271444
271452
271495
271505
271513
271539
271565
271583
271609
271630
271661
271678
271687
271738
271749
271753
271758
271847
271859
271910
271911
271920
271947
271949
271967
272013
272034
272054
272059
272060
272061
272111
272151
272153
272242
272264
272275
272291
272294
272326
272363
272369
272382
272396
272406
272410
272418
272428
272431
272447
272450
272455
272472
272476
272480
272501
272534
272541
272594
272618
272624
272672
272717
272740
272743
272757
272779
272781
272791
272814
272894
272962
272967
272973
273105
273114
273141
273220
273229
273247
273250
273281
273323
273347
273353
273426
273458
273493
273499
273536
273543
273546
273588
273607
273630
273638
273641
273682
273696
273719
273749
273751
273756
273791
273819
273863
273923
273936
273946
273970
273982
273984
273985
274054
274071
274120
274123
274164
274212
274220
274255
274284
274344
274347
274356
274378
274427
274438
274442
274459
274462
274502
274504
274643
274650
274716
274761
274801
274809
274821
274843
274879
274884
274890
274919
274920
274950
274958
274971
275045
275075
275094
275123
275165
275206
275214
275222
275223
275237
275255
275266
275275
275320
275326
275346
275380
275426
275548
275562
275589
275595
275630
275637
275647
275649
275668
275698
275730
275732
275734
275746
275781
275798
275851
275921
275953
275972
275973
275984
276018
276055
276059
276060
276071
276155
276180
276183
276186
276199
276209
276219
276230
276238
276259
276317
276323
276343
276355
276358
276393
276400
276401
276404
276450
276472
276569
276576
276585
276588
276592
276600
276654
276699
276714
276789
276796
276832
276835
276845
276849
276861
276879
276901
276903
276921
276938
276950
276977
276980
276998
276999
277022
277102
277131
277147
277171
277233
277235
277278
277299
277326
277384
277434
277559
277589
277602
277603
277620
277642
277647
277650
277728
277737
277786
277809
277906
277942
277957
277969
277971
277972
277992
278001
278098
278120
278151
278160
278163
278177
278196
278224
278236
278244
278245
278248
278285
278289
278349
278368
278393
278408
278441
278477
278493
278495
278505
278518
278554
278637
278726
278731
278732
278767
278792
278808
278839
278920
278981
278982
279007
279037
279040
279044
279055
279065
279081
279129
279138
279173
279221
279228
279230
279249
279290
279310
279391
279419
279436
279444
279472
279484
279501
279540
279546
279549
279574
279580
279597
279602
279624
279632
279661
279667
279710
279721
279728
279760
279792
279804
279808
279855
279892
279900
279921
279925
279962
279966
279969
279982
280011
280013
280062
280075
280093
280135
280146
280187
280252
280271
280274
280278
280304
280320
280331
280343
280362
280365
280376
280378
280402
280423
280436
280467
280477
280500
280502
280562
280588
280614
280623
280631
280640
280649
280733
280738
280749
280761
280788
280808
280817
280834
280880
280970
280977
280986
281000
281030
281046
281080
281106
281107
281171
281191
281215
281286
281319
281320
281329
281333
281335
281353
281385
281407
281419
281420
281448
281464
281479
281502
281555
281629
281643
281651
281680
281683
281715
281763
281777
281786
281789
281818
281820
281821
281835
281847
281873
281915
281929
281970
281983
282002
282008
282016
282028
282036
282041
282103
282162
282200
282233
282255
282278
282284
282292
282312
282327
282329
282333
282342
282346
282358
282389
282397
282399
282408
282424
282444
282472
282513
282528
282575
282583
282598
282631
282731
282747
282761
282786
282794
282802
282807
282820
282823
282843
282911
282932
282941
282949
282960
282964
282966
282973
282979
282994
283018
283030
283032
283040
283044
283071
283094
283134
283152
283157
283168
283200
283201
283212
283223
283230
283248
283262
283273
283329
283386
283392
283400
283444
283569
283608
283610
283611
283616
283659
283661
283672
283706
283744
283750
283771
283772
283798
283799
283802
283818
283826
283882
283888
283913
283915
283920
283923
283928
283930
283940
283951
283962
283965
284037
284039
284042
284089
284118
284121
284142
284156
284158
284176
284206
284246
284288
284292
284327
284331
284332
284337
284342
284365
284374
284376
284442
284485
284488
284489
284495
284512
284528
284531
284537
284558
284566
284585
284588
284621
284679
284685
284686
284694
284700
284721
284724
284742
284772
284802
284810
284815
284825
284911
284941
284948
284952
284965
284970
284991
285001
285006
285033
285039
285069
285078
285080
285122
285123
285124
285196
285215
285223
285255
285256
285284
285290
285307
285321
285325
285331
285376
285379
285402
285407
285418
285438
285459
285473
285506
285511
285512
285517
285530
285558
285623
285635
285661
285734
285760
285763
285778
285807
285847
285864
285907
285924
285936
285937
286071
286100
286103
286107
286111
286119
286125
286165
286189
286210
286255
286286
286294
286309
286329
286330
286348
286365
286374
286384
286385
286387
286395
286399
286464
286490
286507
286515
286516
286540
286581
286619
286621
286623
286633
286636
286642
286654
286657
286684
286767
286769
286810
286817
286838
286844
286845
286851
286876
286877
286899
286913
286942
286968
286977
286999
287097
287112
287151
287172
287228
287234
287235
287240
287288
287335
287358
287362
287379
287430
287443
287449
287466
287534
287543
287555
287556
287565
287572
287598
287602
287607
287626
287657
287676
287697
287708
287768
287778
287837
287847
287865
287882
287890
287901
287960
288003
288075
288079
288087
288088
288099
288111
288129
288143
288152
288154
288155
288175
288240
288259
288276
288293
288302
288303
288316
288349
288355
288383
288513
288522
288523
288533
288537
288544
288553
288651
288654
288685
288738
288766
288774
288778
288785
288786
288802
288816
288820
288821
288901
288910
288914
288941
288993
289017
289049
289061
289084
289106
289142
289190
289198
289206
289207
289208
289214
289227
289247
289291
289298
289319
289326
289332
289340
289343
289345
289402
289427
289451
289500
289524
289538
289558
289561
289594
289610
289648
289651
289684
289746
289754
289790
289799
289825
289833
289834
289837
289887
289889
289924
289936
289948
289959
290009
290021
290039
290051
290082
290132
290135
290160
290182
290194
290202
290218
290229
290275
290281
290286
290290
290299
290304
290353
290358
290365
290371
290387
290410
290483
290497
290517
290523
290546
290571
290620
290639
290652
290672
290674
290685
290704
290716
290724
290769
290775
290789
290802
290938
290960
290963
291033
291066
291087
291090
291111
291125
291163
291267
291273
291285
291326
291341
291387
291422
291439
291465
291517
291579
291584
291585
291624
291694
291716
291868
291879
291929
291933
291969
291972
291988
292019
292025
292055
292149
292166
292181
292273
292297
292320
292351
292371
292380
292385
292418
292423
292440
292454
292485
292539
292544
292592
292597
292608
292646
292674
292733
292740
292741
292795
292848
292862
292873
292880
292881
292888
292899
292921
292960
292970
292973
292974
292975
292983
292993
292998
293000
293013
293034
293063
293074
293094
293111
293146
293154
293160
293169
293174
293190
293211
293221
293228
293232
293241
293257
293298
293329
293344
293363
293365
293371
293410
293416
293435
293455
293482
293544
293556
293581
293582
293600
293606
293625
293632
293682
293683
293725
293726
293750
293752
293756
293790
293816
293826
293830
293838
293842
293850
293874
293889
293897
293908
293916
293918
293963
293992
294004
294010
294051
294062
294084
294093
294124
294135
294165
294184
294200
294201
294204
294214
294233
294237
294257
294261
294272
294313
294327
294328
294398
294445
294449
294481
294540
294555
294559
294579
294583
294594
294596
294598
294649
294658
294694
294712
294724
294760
294803
294823
294833
294840
294846
294852
294854
294857
294860
294905
294918
294928
294929
294987
295005
295011
295026
295043
295054
295087
295103
295104
295106
295107
295110
295120
295122
295125
295151
295155
295156
295159
295160
295169
295218
295228
295241
295269
295277
295278
295291
295296
295326
295361
295365
295376
295391
295400
295408
295422
295458
295473
295481
295485
295536
295572
295606
295623
295624
295633
295640
295658
295671
295689
295694
295714
295777
295794
295812
295819
295839
295851
295908
295919
295936
295961
296017
296034
296050
296068
296085
296102
296115
296121
296123
296128
296142
296179
296182
296184
296223
296294
296295
296299
296316
296333
296349
296358
296383
296384
296414
296426
296442
296459
296488
296508
296511
296513
296556
296569
296573
296598
296606
296611
296638
296640
296645
296653
296693
296718
296734
296735
296755
296758
296771
296777
296787
296831
296835
296891
296905
296907
296919
296928
296935
296936
296944
296972
296981
296996
296998
297017
297019
297037
297039
297045
297065
297066
297084
297091
297094
297138
297198
297201
297219
297241
297272
297274
297338
297340
297344
297360
297386
297393
297397
297417
297452
297465
297470
297498
297506
297536
297548
297553
297563
297566
297611
297650
297727
297729
297730
297736
297741
297766
297785
297797
297825
297826
297833
297858
297859
297958
297970
298005
298007
298008
298012
298013
298014
298018
298025
298027
298044
298049
298073
298122
298172
298187
298189
298276
298317
298349
298358
298415
298469
298476
298485
298504
298528
298531
298540
298550
298559
298560
298568
298574
298575
298583
298606
298607
298608
298632
298633
298653
298663
298713
298744
298774
298775
298786
298795
298811
298832
298867
298868
298881
298894
298904
298909
298930
298931
298984
299002
299006
299017
299019
299023
299030
299044
299080
299130
299175
299227
299261
299267
299282
299293
299339
299341
299350
299371
299395
299441
299444
299446
299460
299462
299482
299490
299491
299549
299577
299588
299593
299594
299619
299638
299647
299667
299698
299702
299714
299716
299732
299740
299741
299759
299777
299781
299783
299895
299899
299910
299932
299955
299976
299984
299992
299999
300013
300022
300033
300073
300109
300111
300121
300144
300189
300217
300225
300232
300242
300243
300247
300257
300260
300277
300302
300304
300311
300322
300327
300354
300357
300422
300425
300448
300449
300457
300546
300564
300581
300596
300620
300653
300654
300675
300716
300730
300761
300787
300800
300849
300861
300872
300874
300910
300918
300944
300948
300966
300976
301015
301023
301069
301073
301091
301092
301110
301204
301219
301239
301275
301283
301292
301313
301322
301346
301347
301353
301430
301446
301502
301504
301505
301517
301523
301532
301541
301543
301558
301561
301572
301591
301594
301603
301604
301614
301619
301644
301699
301724
301741
301748
301755
301817
301886
301894
301972
301993
301995
302002
302020
302035
302037
302100
302108
302125
302128
302130
302140
302153
302178
302186
302199
302265
302281
302284
302304
302308
302314
302319
302335
302400
302418
302429
302434
302462
302473
302475
302485
302498
302534
302600
302636
302675
302705
302707
302713
302723
302736
302744
302745
302748
302803
302813
302840
302878
302882
302885
302903
302932
302953
302955
302970
302985
302987
302990
303007
303025
303027
303048
303125
303143
303156
303184
303206
303220
303269
303286
303303
303312
303325
303332
303337
303345
303353
303361
303385
303392
303396
303409
303413
303468
303471
303476
303477
303495
303573
303585
303613
303619
303633
303655
303670
303696
303699
303729
303740
303766
303791
303800
303815
303849
303880
303881
303914
303925
303955
303957
303968
303979
303987
304016
304022
304050
304061
304089
304142
304146
304165
304181
304221
304222
304231
304244
304246
304270
304282
304291
304363
304400
304402
304404
304425
304469
304475
304488
304512
304513
304553
304558
304589
304596
304601
304697
304713
304725
304733
304740
304746
304767
304771
304788
304811
304846
304850
304924
304928
304943
304948
304998
305004
305026
305077
305090
305124
305127
305158
305167
305192
305193
305221
305234
305253
305260
305277
305288
305301
305319
305371
305379
305442
305466
305531
305561
305566
305579
305601
305618
305631
305642
305655
305656
305678
305682
305693
305694
305709
305716
305723
305751
305752
305832
305846
305865
305875
305882
305884
305920
305934
305950
305954
305956
305973
305975
305992
306058
306060
306063
306068
306077
306099
306101
306106
306123
306138
306139
306191
306192
306193
306202
306227
306229
306263
306268
306275
306325
306329
306338
306376
306392
306395
306414
306425
306485
306487
306493
306522
306535
306556
306602
306609
306657
306660
306664
306669
306701
306761
306815
306843
306875
306890
306891
306911
306916
306971
307005
307021
307035
307052
307054
307056
307061
307105
307107
307112
307125
307141
307200
307201
307251
307264
307290
307299
307301
307313
307333
307362
307392
307396
307421
307427
307434
307437
307471
307527
307570
307586
307590
307591
307604
307608
307609
307619
307673
307678
307684
307685
307688
307689
307696
307706
307723
307739
307742
307743
307779
307781
307789
307794
307833
307843
307848
307858
307861
307862
307863
307877
307906
307912
307914
307919
307920
307932
307963
307972
308025
308041
308043
308070
308108
308129
308130
308141
308171
308216
308229
308241
308243
308299
308316
308318
308346
308349
308363
308365
308377
308383
308389
308430
308447
308477
308489
308499
308514
308535
308541
308565
308573
308578
308616
308628
308650
308693
308698
308707
308708
308775
308782
308790
308802
308829
308839
308860
308861
308863
308866
308870
308911
308995
309003
309024
309037
309050
309060
309061
309119
309130
309134
309166
309167
309169
309170
309191
309193
309196
309210
309216
309217
309227
309235
309236
309262
309301
309317
309335
309343
309349
309353
309361
309372
309418
309433
309437
309495
309496
309520
309574
309589
309590
309619
309624
309637
309692
309712
309713
309751
309763
309774
309788
309825
309841
309846
309867
309868
309904
309906
309909
309934
309971
309986
309987
310016
310017
310028
310046
310054
310060
310068
310081
310115
310153
310158
310170
310177
310182
310186
310205
310210
310216
310222
310244
310291
310323
310327
310330
310334
310347
310366
310370
310378
310379
310386
310390
310395
310411
310428
310463
310470
310481
310490
310514
310540
310546
310547
310565
310617
310634
310637
310641
310651
310659
310662
310766
310800
310804
310811
310829
310833
310834
310846
310862
310876
310889
310892
310914
310928
310974
310976
310979
310984
311003
311005
311040
311076
311147
311148
311177
311204
311211
311231
311276
311284
311326
311332
311373
311401
311405
311431
311438
311448
311508
311538
311548
311588
311591
311607
311633
311653
311685
311691
311720
311724
311746
311753
311760
311782
311787
311799
311810
311815
311839
311868
311876
311877
311881
311927
311955
311963
311975
311994
311997
312000
312042
312047
312069
312070
312071
312078
312101
312105
312111
312144
312150
312200
312248
312258
312275
312277
312286
312324
312338
312341
312343
312374
312379
312382
312383
312405
312455
312461
312492
312509
312521
312536
312541
312570
312575
312588
312609
312698
312712
312739
312740
312759
312776
312777
312788
312798
312802
312815
312841
312870
312890
312896
312900
312953
312971
312973
312990
313000
313017
313019
313022
313038
313044
313050
313070
313083
313107
313134
313138
313146
313153
313156
313181
313194
313209
313218
313229
313235
313240
313257
313259
313263
313268
313294
313306
313356
313372
313375
313378
313385
313413
313422
313425
313432
313441
313446
313469
313482
313498
313533
313549
313552
313555
313560
313569
313576
313588
313608
313615
313621
313659
313660
313674
313682
313694
313707
313744
313755
313772
313790
313818
313824
313827
313851
313860
313861
313884
313894
313915
313925
313936
313937
313938
313952
313957
313980
314008
314031
314044
314076
314095
314105
314122
314131
314146
314149
314152
314163
314177
314179
314194
314202
314217
314242
314257
314260
314261
314264
314283
314295
314298
314320
314327
314329
314334
314362
314367
314383
314390
314405
314419
314449
314450
314473
314477
314479
314497
314547
314567
314597
314652
314695
314706
314718
314734
314765
314769
314793
314814
314816
314817
314823
314832
314897
314944
314945
314993
315029
315032
315062
315099
315100
315119
315122
315140
315145
315183
315184
315185
315187
315200
315206
315208
315239
315249
315258
315279
315280
315284
315293
315300
315301
315314
315323
315334
315342
315344
315360
315363
315375
315385
315389
315395
315403
315434
315438
315448
315458
315475
315480
315486
315499
315507
315520
315523
315549
315566
315600
315611
315619
315636
315639
315677
315710
315757
315761
315781
315800
315806
315811
315813
315860
315862
315890
315891
315914
315925
315931
315932
315935
315937
315939
315941
315944
315948
315971
315976
315977
315989
315990
316015
316046
316052
316054
316062
316064
316071
316075
316081
316088
316109
316123
316148
316150
316165
316192
316204
316206
316207
316264
316278
316290
316300
316321
316345
316352
316373
316416
316417
316418
316427
316428
316443
316444
316446
316449
316450
316451
316464
316470
316479
316484
316489
316506
316514
316522
316526
316527
316532
316563
316565
316570
316571
316572
316576
316603
316607
316611
316612
316621
316624
316632
316644
316645
316649
316651
316654
316660
316666
316669
316677
316684
316698
316730
316733
316734
316763
316769
316780
316786
316790
316791
316806
316827
316851
316857
316863
316866
316874
316879
316884
316888
316908
316912
316913
316915
316919
316934
316936
316951
316961
316967
316974
316985
316989
316992
317011
317017
317018
317019
317028
317037
317050
317056
317060
317079
317088
317091
317105
317117
317120
317123
317139
317148
317156
317163
317166
317169
317177
317204
317219
317222
317230
317245
317247
317252
317264
317281
317294
317295
317298
317300
317309
317335
317337
317338
317356
317374
317387
317388
317389
317403
317405
317406
317407
317441
317465
317474
317501
317504
317506
317508
317511
317518
317521
317522
317525
317526
317527
317528
317530
317535
317554
317576
317601
317611
317614
317618
317626
317685
317687
317690
317694
317696
317697
317715
317716
317727
317737
317745
317750
317773
317789
317795
317814
317823
317825
317828
317831
317869
317932
317933
317934
317942
317970
317973
317975
317976
317979
317981
317982
317991
317992
317993
318003
318026
318052
318069
318073
318075
318077
318082
318087
318092
318096
318111
318112
318113
318115
318169
318173
318189
318190
318192
318195
318197
318199
318205
318206
318209
318218
318221
318233
318255
318258
318266
318285
318310
318317
318357
318361
318363
318366
318385
318386
318390
318394
318398
318414
318418
318440
318469
318471
318473
318490
318501
318503
318538
318544
318555
318557
318561
318563
318590
318617
318619
318634
318642
318650
318657
318660
318663
318685
318691
318700
318716
318718
318721
318728
318741
318742
318754
318755
318777
318781
318784
318788
318791
318798
318804
318806
318812
318830
318832
318845
318851
318854
318865
318875
318889
318905
318911
318913
318920
318926
318932
318955
318958
318972
318984
319002
319027
319037
319049
319087
319091
319098
319105
319108
319109
319110
319124
319127
319134
319156
319160
319175
319186
319203
319204
319226
319231
319238
319261
319272
319277
319289
319295
319303
319314
319317
319318
319323
319325
319327
319331
319332
319334
319343
319357
319372
319378
319380
319387
319392
319400
319410
319417
319435
319449
319451
319454
319474
319480
319490
319502
319516
319521
319525
319542
319552
319565
319579
319588
319592
319594
319600
319602
319606
319618
319629
319634
319637
319640
319641
319645
319646
319663
319680
319681
319686
319689
319690
319693
319696
319700
319713
319716
319717
319721
319722
319733
319735
319736
319745
319748
319749
319757
319761
319765
319766
319784
319786
319788
319789
319790
319802
319817
319835
319839
319842
319847
319852
319865
319915
319920
319928
319931
319939
319942
319946
319947
319948
319950
319951
319965
319967
319976
319988
319999
320002
320016
320018
320027
320034
320048
320049
320051
320063
320076
320082
320089
320090
320100
320101
320105
320112
320113
320116
320124
320136
320143
320146
320148
320157
320159
320164
320172
320173
320175
320180
320184
320190
320191
320192
320200
320215
320217
320219
320228
320229
320234
320236
320237
320245
320250
320254
320258
320262
320274
320277
320285
320293
320295
320304
320319
320341
320343
320344
320350
320375
320381
320412
320416
320417
320419
320420
320430
320431
320434
320438
320445
320452
320453
320456
320459
320460
320464
320469
320471
320483
320503
320515
320516
320518
320528
320542
320568
320594
320595
320599
320619
320623
320624
320629
320644
320652
320655
320674
320698
320705
320711
320726
320738
320755
320771
320776
320793
320800
320801
320802
320808
320812
320815
320839
320841
320842
320848
320856
320864
320903
320905
320906
320932
320940
320943
320990
320991
320998
321002
321009
321011
321023
321031
321038
321048
321058
321064
321065
321066
321074
321075
321115
321118
321136
321159
321162
321169
321184
321186
321194
321200
321215
321217
321220
321229
321237
321254
321259
321278
321279
321280
321283
321294
321299
321303
321308
321309
321318
321333
321334
321339
321340
321345
321347
321361
321377
321384
321388
321396
321412
321424
321433
321435
321441
321443
321466
321474
321502
321524
321527
321528
321546
321547
321550
321567
321569
321578
321579
321583
321601
321631
321634
321635
321659
321663
321666
321669
321722
321723
321730
321731
321742
321745
321757
321778
321787
321798
321819
321822
321825
321827
321867
321879
321893
321895
321896
321901
321908
321916
321917
321919
321922
321932
321934
321936
321942
321946
321949
321950
321956
321968
321980
321993
322023
322026
322034
322049
322050
322062
322065
322076
322084
322093
322105
322149
322180
322184
322186
322188
322191
322195
322202
322208
322231
322236
322252
322255
322282
322305
322306
322318
322332
322333
322346
322367
322370
322373
322378
322382
322392
322397
322412
322417
322418
322425
322432
322447
322453
322455
322467
322475
322485
322493
322494
322495
322498
322508
322514
322533
322539
322543
322546
322567
322593
322602
322608
322609
322632
322634
322640
322661
322666
322677
322680
322692
322694
322725
322744
322751
322752
322762
322777
322783
322824
322825
322828
322838
322842
322851
322857
322863
322871
322913
322915
322916
322917
322932
322935
322937
322940
322942
322943
322963
322983
322984
322995
323048
323051
323052
323054
323057
323072
323081
323082
323083
323104
323105
323116
323131
323132
323143
323145
323150
323185
323208
323236
323239
323248
323250
323252
323264
323273
323281
323291
323296
323297
323305
323309
323311
323319
323324
323330
323333
323344
323357
323359
323360
323365
323367
323370
323374
323375
323387
323389
323392
323393
323408
323411
323414
323417
323424
323429
323430
323438
323441
323444
323447
323452
323453
323454
323459
323460
323498
323499
323500
323513
323516
323517
323522
323524
323528
323538
323558
323569
323575
323600
323615
323619
323622
323623
323625
323650
323661
323680
323681
323685
323686
323723
323724
323734
323750
323753
323755
323760
323767
323770
323777
323784
323799
323803
323832
323836
323842
323844
323857
323876
323881
323882
323884
323889
323913
323915
323917
323929
323933
323936
323938
323940
323945
323948
323949
323968
323979
323985
323988
323993
323997
324001
324003
324007
324026
324031
324032
324037
324040
324042
324058
324065
324067
324095
324111
324117
324118
324119
324120
324124
324131
324138
324147
324150
324152
324155
324159
324160
324166
324174
324176
324177
324180
324188
324193
324198
324200
324205
324215
324217
324218
324219
324220
324224
324233
324241
324254
324260
324266
324278
324281
324295
324298
324300
324305
324310
324323
324345
324352
324361
324362
324365
324370
324371
324375
324377
324386
324391
324392
324395
324416
324419
324432
324443
324447
324461
324466
324490
324501
324520
324531
324542
324545
324546
324572
324578
324592
324607
324616
324619
324626
324631
324632
324638
324641
324652
324658
324663
324670
324680
324692
324699
324709
324741
324761
324772
324773
324783
324789
324802
324814
324824
324831
324838
324840
324843
324852
324853
324876
324885
324898
324901
324902
324908
324924
324933
324944
324948
324950
324951
324953
324956
324978
324985
324988
324997
325002
325009
325019
325022
325023
325095
325100
325107
325108
325110
325119
325135
325138
325146
325165
325166
325170
325171
325172
325184
325185
325188
325197
325198
325208
325226
325231
325239
325262
325270
325273
325275
325278
325296
325331
325336
325345
325366
325370
325379
325400
325406
325408
325418
325419
325424
325427
325447
325464
325470
325474
325480
325507
325510
325527
325547
325549
325555
325589
325594
325600
325613
325615
325617
325638
325643
325644
325646
325647
325660
325661
325670
325675
325676
325679
325682
325731
325733
325738
325745
325751
325753
325761
325762
325765
325779
325787
325805
325822
325829
325834
325846
325860
325864
325934
325940
325942
325943
325951
325953
325954
325964
325984
325991
326003
326026
326029
326031
326033
326034
326049
326050
326052
326070
326106
326133
326144
326145
326160
326169
326171
326173
326200
326207
326209
326217
326242
326253
326277
326280
326281
326283
326286
326289
326296
326299
326303
326309
326314
326322
326325
326329
326352
326356
326393
326394
326405
326421
326425
326428
326433
326445
326447
326453
326454
326469
326497
326502
326504
326519
326520
326522
326546
326571
326581
326588
326589
326592
326596
326622
326639
326640
326643
326646
326650
326658
326660
326661
326662
326678
326705
326707
326710
326711
326715
326716
326722
326737
326747
326755
326759
326772
326790
326798
326804
326810
326817
326829
326836
326845
326854
326874
326881
326892
326919
326926
326929
326935
326937
326938
327003
327005
327013
327015
327042
327061
327062
327073
327074
327088
327089
327105
327108
327119
327136
327137
327155
327163
327166
327192
327199
327206
327231
327241
327242
327255
327264
327279
327312
327341
327354
327356
327357
327364
327366
327367
327369
327371
327372
327375
327379
327384
327400
327405
327406
327413
327416
327424
327426
327448
327449
327450
327480
327485
327496
327514
327515
327533
327534
327546
327554
327556
327584
327585
327588
327589
327598
327600
327609
327622
327631
327633
327645
327654
327660
327665
327671
327695
327703
327709
327713
327728
327751
327756
327759
327761
327769
327773
327774
327775
327781
327812
327823
327837
327842
327851
327852
327854
327855
327867
327869
327876
327877
327892
327926
327945
327949
327963
327966
327976
327977
327987
328034
328055
328056
328060
328074
328080
328081
328091
328100
328105
328126
328129
328135
328153
328154
328158
328163
328171
328173
328195
328202
328205
328207
328226
328227
328228
328237
328238
328245
328247
328274
328291
328293
328296
328297
328301
328313
328317
328318
328319
328335
328337
328339
328367
328372
328378
328381
328397
328398
328411
328427
328447
328448
328454
328455
328457
328462
328481
328485
328516
328517
328526
328532
328540
328565
328567
328571
328574
328582
328585
328589
328621
328643
328651
328668
328670
328677
328679
328687
328709
328740
328749
328751
328752
328783
328786
328815
328828
328843
328855
328860
328867
328886
328895
328896
328900
328902
328927
328948
328949
328951
328956
328957
328959
328960
328962
328964
328965
328967
328968
328972
328974
328976
328979
328996
328997
329001
329016
329020
329030
329035
329039
329042
329053
329058
329072
329073
329085
329089
329094
329103
329108
329115
329117
329118
329125
329126
329132
329144
329151
329176
329186
329223
329241
329258
329260
329270
329284
329298
329302
329304
329322
329328
329333
329335
329339
329342
329346
329353
329355
329369
329370
329371
329375
329380
329391
329412
329430
329443
329455
329474
329476
329477
329497
329553
329559
329569
329573
329575
329577
329588
329596
329598
329611
329623
329650
329654
329664
329695
329730
329732
329745
329758
329765
329787
329802
329809
329822
329836
329838
329879
329891
329894
329897
329900
329903
329907
329911
329972
329997
330007
330013
330044
330053
330068
330072
330074
330075
330077
330079
330089
330093
330109
330113
330120
330122
330136
330138
330142
330157
330160
330166
330184
330198
330210
330221
330222
330241
330247
330248
330261
330262
330265
330269
330304
330307
330308
330323
330348
330357
330373
330379
330384
330419
330455
330468
330478
330482
330486
330501
330503
330515
330519
330547
330553
330569
330573
330576
330586
330597
330605
330622
330645
330646
330667
330671
330691
330704
330706
330716
330717
330728
330756
330759
330765
330771
330798
330804
330814
330816
330817
330823
330851
330853
330861
330867
330871
330885
330897
330903
330914
330916
330940
330941
330967
330974
330986
330999
331009
331024
331030
331049
331071
331076
331079
331080
331082
331131
331136
331154
331162
331198
331215
331223
331235
331243
331255
331279
331283
331289
331307
331356
331357
331367
331374
331381
331402
331404
331409
331423
331428
331447
331448
331468
331471
331475
331484
331508
331517
331566
331569
331585
331594
331597
331607
331608
331610
331611
331617
331629
331634
331640
331642
331671
331673
331686
331687
331689
331698
331701
331706
331708
331710
331753
331760
331766
331772
331786
331797
331838
331839
331842
331877
331883
331899
331903
331905
331908
331939
331949
331969
331973
331976
331982
331990
331998
332002
332012
332015
332016
332029
332045
332050
332063
332075
332077
332080
332088
332096
332098
332125
332133
332136
332158
332198
332200
332206
332209
332218
332219
332221
332235
332246
332265
332286
332288
332294
332307
332311
332336
332345
332354
332402
332406
332416
332417
332418
332429
332434
332436
332438
332504
332517
332523
332541
332586
332589
332592
332595
332612
332631
332633
332661
332667
332679
332689
332692
332700
332701
332706
332712
332733
332770
332871
332884
332898
332957
332972
332977
332982
332993
332994
333019
333027
333039
333041
333042
333066
333084
333086
333169
333172
333198
333205
333207
333209
333222
333223
333234
333275
333277
333278
333290
333297
333299
333304
333307
333314
333315
333316
333317
333327
333328
333349
333358
333382
333398
333410
333416
333417
333419
333420
333428
333484
333485
333493
333495
333524
333525
333526
333547
333580
333581
333583
333603
333613
333618
333635
333655
333663
333670
333673
333675
333679
333685
333687
333690
333691
333729
333750
333786
333788
333793
333807
333827
333843
333847
333849
333854
333857
333859
333873
333895
333928
333977
333978
334006
334019
334028
334043
334051
334062
334070
334074
334098
334105
334107
334117
334127
334128
334129
334146
334149
334151
334193
334206
334215
334224
334230
334244
334270
334271
334273
334274
334285
334286
334292
334324
334327
334348
334366
334374
334375
334376
334378
334392
334405
334427
334439
334464
334473
334486
334499
334510
334512
334526
334535
334536
334537
334542
334545
334555
334557
334563
334566
334579
334582
334592
334602
334624
334633
334654
334660
334670
334676
334710
334719
334726
334728
334740
334741
334742
334746
334767
334772
334773
334777
334780
334788
334805
334814
334816
334817
334830
334844
334902
334908
334917
334921
334927
334969
334994
335012
335013
335021
335023
335026
335027
335044
335048
335052
335057
335064
335065
335066
335073
335078
335095
335122
335126
335127
335130
335139
335144
335176
335180
335182
335183
335186
335197
335207
335215
335226
335233
335235
335237
335238
335239
335249
335253
335257
335302
335306
335311
335321
335329
335336
335347
335350
335361
335375
335448
335462
335465
335479
335480
335485
335529
335536
335547
335554
335579
335587
335593
335617
335620
335626
335635
335640
335694
335713
335791
335801
335810
335813
335818
335836
335850
335853
335858
335883
335892
335895
335924
335954
335959
335988
335999
336006
336012
336024
336028
336046
336059
336071
336084
336097
336098
336107
336119
336131
336133
336162
336177
336180
336189
336190
336225
336244
336248
336254
336276
336305
336317
336323
336341
336345
336365
336378
336381
336384
336389
336403
336442
336448
336452
336463
336469
336473
336474
336476
336522
336554
336556
336558
336559
336562
336563
336572
336575
336589
336592
336628
336650
336722
336727
336780
336785
336796
336813
336817
336820
336823
336855
336857
336861
336869
336925
336930
336946
336959
336961
336967
337002
337013
337023
337036
337042
337055
337077
337103
337121
337123
337124
337147
337154
337160
337161
337164
337165
337182
337201
337208
337244
337246
337252
337258
337268
337290
337294
337309
337324
337341
337356
337377
337426
337435
337440
337484
337503
337508
337541
337553
337562
337566
337591
337599
337632
337633
337643
337646
337662
337665
337683
337694
337699
337733
337734
337737
337752
337755
337768
337787
337789
337796
337805
337818
337833
337844
337888
337897
337913
337914
337917
337938
337967
337986
337999
338001
338009
338022
338025
338026
338049
338056
338059
338063
338077
338078
338097
338107
338155
338158
338167
338173
338197
338199
338216
338281
338314
338319
338332
338347
338352
338361
338366
338378
338383
338390
338399
338413
338433
338453
338459
338471
338482
338491
338507
338536
338543
338566
338578
338628
338629
338633
338634
338643
338661
338663
338665
338677
338684
338686
338718
338722
338755
338784
338804
338813
338818
338824
338858
338867
338874
338876
338887
338903
338937
338947
338958
338966
339007
339032
339035
339047
339089
340004
340006
340013
340018
340024
340026
340066
340082
340096
340102
340138
340145
340156
340159
340179
340180
340191
340233
340240
340258
340267
340300
340312
340333
340357
340368
340371
340404
340429
340446
340497
340577
340588
340589
340600
340617
340641
340685
340710
340715
340742
340757
340798
340802
340808
340809
340810
340814
340833
340837
340850
340870
340910
340914
340939
340946
340956
340960
340966
340980
340986
340995
341018
341030
341047
341079
341101
341136
341144
341159
341174
341176
341186
341193
341217
341248
341253
341262
341265
341267
341305
341310
341319
341324
341344
341349
341373
341385
341392
341412
341418
341424
341429
341477
341480
341505
341515
341529
341565
341580
341581
341630
341668
341672
341673
341696
341699
341772
341774
341780
341787
341801
341803
341810
341928
341938
341941
341951
341983
341985
342009
342023
342042
342055
342079
342095
342096
342105
342141
342180
342181
342199
342219
342222
342230
342241
342248
342263
342266
342270
342271
342292
342304
342305
342313
342326
342355
342390
342397
342406
342451
342472
342486
342500
342521
342574
342589
342590
342622
342623
342655
342656
342687
342716
342744
342780
342782
342798
342806
342823
342864
342876
342878
342892
342919
342956
342958
342980
342982
342984
342998
343031
343032
343046
343068
343072
343073
343075
343086
343090
343105
343118
343119
343141
343164
343165
343172
343177
343213
343224
343235
343236
343263
343272
343284
343297
343317
343365
343419
343445
343446
343450
343451
343537
343539
343549
343595
343629
343652
343658
343667
343688
343700
343712
343771
343780
343787
343794
343833
343867
343874
343891
343896
343937
343946
344000
344020
344035
344047
344056
344070
344076
344082
344095
344104
344105
344121
344135
344139
344254
344279
344300
344310
344387
344396
344422
344433
344437
344462
344480
344537
344588
344599
344601
344608
344612
344617
344645
344647
344668
344673
344711
344731
344754
344761
344804
344845
344874
344875
344895
344918
344931
344937
344938
344961
344986
344990
345005
345007
345009
345021
345063
345069
345088
345100
345141
345144
345186
345218
345227
345253
345254
345276
345283
345311
345329
345385
345391
345402
345403
345412
345520
345552
345577
345585
345586
345621
345660
345748
345754
345767
345771
345819
345829
345845
345866
345889
345899
345912
345913
345927
345957
345969
345972
345995
346018
346031
346034
346056
346106
346183
346208
346215
346243
346246
346322
346403
346406
346416
346425
346444
346449
346471
346485
346498
346504
346541
346545
346569
346653
346679
346691
346736
346744
346792
346811
346820
346826
346843
346847
346854
346886
346891
346896
346933
346936
346969
346989
346995
347012
347019
347046
347067
347076
347095
347124
347139
347151
347190
347256
347277
347408
347432
347453
347603
347604
347614
347617
347688
347700
347706
347715
347742
347793
347850
347859
347886
347897
347902
347976
347998
348002
348004
348012
348033
348062
348064
348091
348102
348120
348123
348128
348129
348300
348330
348340
348384
348387
348406
348415
348458
348516
348588
348624
348634
348653
348659
348676
348679
348681
348691
348736
348757
348822
348849
348859
348878
348936
348974
348997
349000
349010
349013
349018
349026
349042
349046
349047
349057
349067
349071
349155
349196
349199
349226
349254
349284
349310
349354
349370
349394
349470
349472
349530
349536
349555
349571
349659
349676
349689
349691
349726
349730
349758
349763
349764
349816
349822
349870
349929
349943
349944
350006
350026
350048
350153
350199
350230
350291
350297
350298
350366
350427
350435
350491
350519
350610
350645
350656
350658
350705
350714
350724
350814
350951
351041
351042
351085
351086
351093
351100
351107
351136
351149
351189
351220
351299
351309
351333
351334
351349
351350
351368
351377
351391
351472
351473
351488
351539
351607
351656
351662
351675
351693
351721
351754
351758
351766
351848
351849
351860
351904
351976
352117
352201
352271
352310
352379
352471
352475
352496
352519
352530
352559
352571
352677
352719
352736
352782
352892
352950
352952
352953
352967
352971
353028
353083
353156
353217
353310
353365
353391
353394
353463
353550
353640
